 5  5  5   5   5  5  70   
 5  5  5   5   5  5  70   
 5  5  5   8   5  9  83   
 5  5  5   5   9  5  90   
 5  5  5   5   5  5  70   
 5  5  5   5   5  5  70   
 5  5  5   5   5  5  70   
 5  5  5   5   5  5  70   
 5  5  5   5   5  5  70   
 5  5  5   5   5  5  70   
 5  5  5   5   5  5  70   
 5  5  5   5   5  5  70   
 5  5  5   5   5  5  70   
 5  5  5   5   5  5  70   
 5  5  5   5   5  5  70   
 5  5  5   5   5  5  70   
 5  5  5   5   5  5  70   
 5  5  5   5   5  5  70   
 5  5  5   5   5  5  70   
 5  5  5   5   6  5  75   
 5  5  5   5   5  5  70   
 5  5  5   5   5  5  70   
 5  5  5   5   5  5  70   
 5  5  5   5   5  5  70   
 5  5  5   5   5  5  70   
 5  5  5   5   5  5  70   
 5  5  5   5   5  5  70   
 5  5  5   5   5  5  70   
 5  5  5   5   5  8  73   
 5  5  5   5   5  8  73   
 5  5  5   5   5  8  73   
 5  5  5   5   5  8  73   
 5  5  5   5   5  8  73   
 5  5  5   9   5  8  85   
